   .000
 86.329
 99.212
 27.684
 97.762
 80.088
 99.980
 97.768
108.874
 75.308
 93.135
117.202
137.824
121.569
 78.309
 57.672
126.979
 66.953
 78.392
 65.936
 39.271
 62.271
 29.576
 79.157
 49.824
 83.101
 46.700
102.171
116.789
100.431
143.235
118.461
 24.714
 49.654
 11.379
 66.704
 19.604
 67.776
 13.841
 56.138
 41.256
 32.141
 78.915
 69.451
 92.871
 73.646
 95.824
110.107
 67.450
 51.823
 52.515
 52.029
 54.205
 31.772
 59.530
 45.495
 66.321
 12.616
 21.162
 55.196
 68.273
 70.154
 55.041
 83.449
149.872
113.771
 78.560
 67.566
 99.666
 66.650
 59.645
105.550
 52.536
 80.880
 94.137
 28.893
 40.808
 98.388
116.017
 49.514
127.969
 42.498
 52.656
 69.199
 56.430
 40.867
 61.320
 48.874
 80.064
 53.525
 67.720
 80.354
 74.758
 61.829
 85.326
 71.760
 36.600
 16.869
 33.932
 33.551
 47.998
 40.161
 48.926
 53.462
 42.524
 31.546
 56.265
 63.666
 64.561
 52.535
 92.013
 65.152
 38.465
 28.126
 35.014
 77.119
 22.871
 19.485
 37.762
 52.736
 40.762
 33.195
 69.228
 44.936
 67.197
 51.722
 69.743
 60.418
 74.545
 59.351
 58.635
 66.758
 14.609
 60.909
 88.662
 68.837
 75.846
 59.057
 81.123
 68.947
 55.550
 75.356
 32.925
 93.731
 43.831
 34.452
 35.674
 41.995
 78.433
 47.722
 41.000
 36.696
 62.678
 37.513
 40.877
 57.263
 83.684
 46.619
 18.854
 70.945
 27.218
 24.182
 30.763
 26.306
 29.337
 21.250
 37.742
 28.067
 28.906
 30.397
 40.772
 46.157
 54.308
 66.241
 51.904
 70.977
  9.044
 54.261
  8.388
 74.777
 16.186
 10.263
 14.295
 16.121
 23.685
 15.322
 29.119
 26.417
 36.357
 35.867
 41.199
 61.226
 67.307
103.049
 51.731
 64.953
 54.462
 63.674
 56.980
  3.560
 28.065
 45.815
 60.650
 73.103
 93.854
 77.171
 69.894
 95.177
102.982
 47.217
 30.773
  2.488
 36.452
 21.088
 28.294
 36.872
 47.565
 44.845
 51.684
 41.369
 55.345
 39.201
 50.217
 61.752
 81.500
 67.872
 22.080
 11.945
 20.344
 13.138
 42.735
 17.011
 59.898
 15.691
 41.164
 29.472
 48.296
 44.828
 57.588
 58.179
 62.114
  3.950
  3.908
 12.450
 18.813
 13.365
  8.989
 10.660
 17.541
  5.613
 20.612
 47.883
 35.519
 22.452
 42.523
 39.721
